3	Pressure =	0.001
19		
		
0.50000000	0.00000000	-0.15285508
0.50000000	0.00000000	-0.12352008
0.50000000	0.00000000	-0.15163383
		
		
0.25000000	0.43301270	-0.04931765
0.25000000	0.43301270	-0.05158931
0.33333333	0.00000000	-0.19806239
0.33333333	0.00000000	-0.04471106
0.33333333	0.00000000	-0.09116489
		
		
0.26666667	0.11547005	-0.08938055
		
0.29166667	0.21650635	-0.12974227
0.26315789	0.00000000	-0.11394586
0.42857143	0.24743583	-0.17395480
0.31250000	0.10825318	-0.15445399
0.31250000	0.10825318	-0.11138337
0.26470588	0.05094267	-0.11049866
0.56250000	0.10825318	-0.15932616
0.00000000	0.00000000	0.00000000
1.00000000	0.00000000	0.00000000
0.50000000	0.86602540	0.00000000

