3	Pressure =	2
19		

0.50000000	0.00000000	-0.15713954
0.50000000	0.00000000	-0.12836642
0.50000000	0.00000000	-0.15566548
		
		
0.25000000	0.43301270	-0.05624098
0.25000000	0.43301270	-0.05753481
0.33333333	0.00000000	-0.19952444
0.33333333	0.00000000	-0.04768044
0.33333333	0.00000000	-0.09473778
		
		
0.26666667	0.11547005	-0.09463922
		
0.29166667	0.21650635	-0.13557646
0.26315789	0.00000000	-0.11632967
0.42857143	0.24743583	-0.17780213
0.31250000	0.10825318	-0.15753566
0.31250000	0.10825318	-0.11435066
0.26470588	0.05094267	-0.11390241
0.56250000	0.10825318	-0.16280237
0.00000000	0.00000000	0.00000000
1.00000000	0.00000000	0.00000000
0.50000000	0.86602540	0.00000000

