3	Pressure =	4
19		
		
0.50000000	0.00000000	-0.16081846
0.50000000	0.00000000	-0.13297658
0.50000000	0.00000000	-0.15885690
		
		
0.25000000	0.43301270	-0.06062017
0.25000000	0.43301270	-0.06210950
0.33333333	0.00000000	-0.20157406
0.33333333	0.00000000	-0.05198039
0.33333333	0.00000000	-0.09848656
		
		
0.26666667	0.11547005	-0.09847000
		
0.29166667	0.21650635	-0.13894011
0.26315789	0.00000000	-0.11880128
0.42857143	0.24743583	-0.18060005
0.31250000	0.10825318	-0.15997917
0.31250000	0.10825318	-0.11659167
0.26470588	0.05094267	-0.11697880
0.56250000	0.10825318	-0.16596046
0.00000000	0.00000000	0.00000000
1.00000000	0.00000000	0.00000000
0.50000000	0.86602540	0.00000000

